Problem URL: https://codeforces.com/contest/1284/problem/F
I/O statements for F New Year and Social Network 

---------------------------------------------------
Input
4
1 2
2 3
4 3
1 3
2 4
1 4

Output
3
3 2 4 2
2 1 1 3
4 3 1 4
---------------------------------------------------
---------------------------------------------------
Input
5
1 2
2 4
3 4
4 5
1 2
1 3
1 4
1 5

Output
4
2 1 1 2
3 4 1 3
4 2 1 4
5 4 1 5
---------------------------------------------------
---------------------------------------------------
Input
9
7 9
2 8
2 1
7 5
4 7
2 4
9 6
3 9
1 8
4 8
2 9
9 5
7 6
1 3
4 6
5 3

Output
8
4 2 9 2
9 7 6 7
5 7 5 9
6 9 4 6
8 2 8 4
3 9 3 5
2 1 1 8
7 4 1 3
---------------------------------------------------